14.500000
29.000000
43.500000
58.000000
72.500000
87.000000
101.500000
116.000000
130.500000
145.000000
159.500000
174.000000
188.500000
202.999999
217.499968
231.999606
246.496727
260.981447
275.427047
289.797787
304.045573
318.054419
331.669385
344.685113
356.860229
367.937102
377.679109
385.898409
392.477463
397.371226
399.580893
400.171670
405.194141
492.622600
357.767752
360.124629
376.390291
395.177032
414.866716
433.513517
450.850707
467.949658
484.742948
501.155558
517.112353
532.540429
547.374986
561.566590
575.088087
587.943642
600.108087
611.503620
622.090532
631.849696
640.775370
648.907610
656.314361
663.100728
669.412243
675.430921
681.013157
685.867317
689.986559
693.368926
696.021419
697.953963
699.182405
699.728699
699.626305
698.910993
697.624892
695.816366
693.553957
690.885619
687.893041
684.641228
681.215733
677.707952
674.194426
670.762663
667.215679
663.282944
659.010588
654.413206
649.544545
644.423705
639.097902
633.603666
627.994574
622.328093
616.632722
610.986940
605.439946
600.023993
594.825688
589.898421
585.315560
581.132549
577.404655
574.207775
571.231053
568.109061
564.847446
561.452037
557.952336
554.308046
550.573013
546.730297
542.761143
538.722886
534.597600
530.365504
526.059934
521.688400
517.258558
512.778208
508.225730
503.637717
499.022362
494.356872
489.679752
484.967397
480.259566
475.531821
470.791446
466.080047
461.371893
456.709795
452.031344
447.415285
442.834093
438.332913
433.841660
429.427929
425.081002
420.808869
416.619549
412.513013
408.501115
404.591791
400.784612
397.091470
393.520172
390.069853
386.752400
383.566590
380.528714
377.637322
374.899705
372.318507
